"OPEN 6.3.2"
"Wed Jul 18 2018 13:12:44"
<open><version>"6.3.2"</version></open>
<open><configfile>"/User/Configs/UserPrefs/2x3 LED.xml"</configfile></open>
<open><light><source>"6400-02 or -02B LED Source"</source><par_in>1<sensor>"SI-4465"<cal>-0.86<actinity>1.00</actinity><transm>1.00</transm></cal></sensor><transm>1</transm></par_in><par_out>1<sensor>"Q100477"<cal>6.92</cal></sensor></par_out></light></open>
<open><comps><file>"/User/Configs/Comps/StdComps_6.3"<header>""</header><extras></extras></file><energybal>no<f_parIn>1</f_parIn><f_parOut>0</f_parOut><alphaK>0.16</alphaK></energybal><bc_total>2.840<stomatal_ratio>1</stomatal_ratio><bc_oneside>1.420<type>2</type><table>"/Sys/Lib/StdBLCTable"</table><area>6</area><slope>-0.219565</slope><offset>2.73739</offset><fan>5</fan></bc_oneside></bc_total></comps></open>
<open><prompts><onlog>off</onlog><items>"Default (none)"</items></prompts></open>
<open><constants><oxygen>21 %</oxygen><bb_vapor>1.5</bb_vapor><bb_oxy>0.9</bb_oxy></constants></open>
<open><stability><items>"Std Stability"<items[1]><id>-2</id><size>15</size><pcv><onoff>0</onoff><value>1</value></pcv><std><onoff>0</onoff><value>1</value></std><slp><onoff>1</onoff><value>1</value></slp></items[1]><items[2]><id>-5</id><size>15</size><pcv><onoff>0</onoff><value>1</value></pcv><std><onoff>0</onoff><value>1</value></std><slp><onoff>1</onoff><value>1</value></slp></items[2]><items[3]><id>-7</id><size>15</size><pcv><onoff>0</onoff><value>1</value></pcv><std><onoff>0</onoff><value>1</value></std><slp><onoff>1</onoff><value>1</value></slp></items[3]></items></stability></open>
<open><log><format>"StdLogFmt_6.3"<items>{ -35 -21 -36 -76 30 23 36 21 25 221 -33 111 -34 11 -9 -10 -8 -1 -2 -4 -5 -14 -15 -7 -12 -13 -11 -65 -66 -117 -119 -116 -118 -72 -18 -19 -77 -78 -79 -23  }<hdr>{  }</hdr></items></format><options><beep>on</beep><match>"never"<time>30</time><co2>100</co2><delta>10</delta></match><hdr>normal</hdr><rem>normal</rem><stab>no</stab><stats>no<mean>no</mean><file>no</file><period>15</period></stats><excel>yes</excel><controls>yes</controls><comm>no</comm></options><datafile>"/User/D02W_acru_can11_07182018"</datafile><button><action>"Normal Log"<code>" LogOneObsManual "</code></action></button><autoprog>"/User/Configs/AutoProgs/AutoLog2"<active>no</active></autoprog></log></open>
<open><a2d><avgtime>4.0 secs</avgtime><userchans><ch20>"Off"</ch20><ch21>"Off"</ch21><ch22>"Off"</ch22><ch23>"Off"</ch23></userchans></a2d></open>
<open><matching><type>0</type><disp>'a'</disp><settings>><CO2Limit>10.0</CO2Limit><H2OLimit>1.0</H2OLimit><MaxAutoTime>60</MaxAutoTime><AverageTime>10</AverageTime></settings></matching></open>
<li6400><factory><unit>"PSC-4580"</unit><serviced>"9 Sep 2015"</serviced><fuseaware>0</fuseaware><co2mixer>yes</co2mixer><co2><coeffs>{ 0 0.205626 3.3757e-05 1.29521e-08 -1.24746e-12 1.16159e-16  }</coeffs><dvdt>-4</dvdt><xs>{ 0.000595 -0.000277  }</xs></co2><h2o><coeffs>{ 0 0.00579868 2.26833e-06 -3.13191e-12  }</coeffs><dvdt>-1.4</dvdt><xs>{ -0.000484 -0.000542  }</xs></h2o><flow>{ 0 0.3608  }</flow><press>{ 86.94 0.00544  }</press></factory></li6400>
<li6400><user><flow_zero>39.4</flow_zero><irga_zero><co2>429.4 156.4<at>20.5061</at></co2><h2o>78.4 78.4<at>20.5061</at></h2o></irga_zero><irga_span><co2>{ 0.992038 0.990606  }</co2><h2o>{ 0.998284 0.999502  }</h2o></irga_span><irga_match><co2>{ -0.465001 -5.13372  }</co2><h2o>{ 0.019726 0.0822063  }</h2o></irga_match><co2_mixer><pump_mv>4500</pump_mv><ppm>{ 2190.62 1044.39 415.169 253.063 116.067 68.0938 46.6365 46.6097  }</ppm><mv>{ 5000 3000 1500 1000 500 300 200 100  }</mv></co2_mixer><parin_offset>0</parin_offset><led_cal><unit>"SI-4465"</unit><mv>{ 10 25 50 100 1000 2000 3000 4000 5000  }</mv><qntm>{ 5.57731 16.6224 38.896 83.0767 913.687 1791.83 2621.41 3412.52 4165.21  }</qntm></led_cal><lcf_cal><unit>"LCF-2351"</unit><red><mv>{ 50 100 200 400 800 1500  }</mv><qntm>{ 96.5532 208.535 452.716 966.129 2014.88 3805.76  }</qntm></red><blue><mv>{ 100 500 1000 2000 3000 4000 5000  }</mv><qntm>{ 13.5446 77.0246 152.569 277.913 387.265 481.038 556.059  }</qntm></blue></lcf_cal></user></li6400>
"13:13:05 top of canopy, other side of track"
$STARTOFDATA$
"Obs"	"HHMMSS"	"FTime"	"EBal?"	"Photo"	"Cond"	"Ci"	"Trmmol"	"VpdL"	"CTleaf"	"Area"	"BLC_1"	"StmRat"	"BLCond"	"Tair"	"Tleaf"	"TBlk"	"CO2R"	"CO2S"	"H2OR"	"H2OS"	"RH_R"	"RH_S"	"Flow"	"PARi"	"PARo"	"Press"	"CsMch"	"HsMch"	"CsMchSD"	"HsMchSD"	"CrMchSD"	"HrMchSD"	"StableF"	"BLCslope"	"BLCoffst"	"f_parin"	"f_parout"	"alphaK"	"Status"
1	"13:17:24"	288.5	0	0.707	0.0159	317	0.314	1.92	25.76	6	1.42	1	2.84	21.00	25.76	20.06	400.60	399.60	13.842	14.214	54.88	56.35	500.2	2000	0	98.98	-5.13	0.0822	0.0252	0.000832	0.0228	0.00184	1.0	-0.22	2.74	1.00	0.00	0.16	111115
2	"13:17:25"	289.5	0	0.717	0.0159	316	0.314	1.92	25.76	6	1.42	1	2.84	21.00	25.76	20.06	400.59	399.58	13.843	14.215	54.89	56.36	500.1	2000	0	98.98	-5.13	0.0822	0.0252	0.000832	0.0228	0.00184	0.7	-0.22	2.74	1.00	0.00	0.16	111115
3	"13:17:26"	290.5	0	0.736	0.0159	314	0.314	1.92	25.76	6	1.42	1	2.84	21.00	25.76	20.06	400.57	399.54	13.844	14.215	54.89	56.36	500.1	2000	0	98.98	-5.13	0.0822	0.0252	0.000832	0.0228	0.00184	0.7	-0.22	2.74	1.00	0.00	0.16	111115
4	"13:17:27"	291.5	0	0.777	0.0159	310	0.315	1.92	25.76	6	1.42	1	2.84	21.00	25.76	20.06	400.60	399.51	13.844	14.216	54.89	56.36	500.2	2000	0	98.98	-5.13	0.0822	0.0252	0.000832	0.0228	0.00184	0.7	-0.22	2.74	1.00	0.00	0.16	111115
5	"13:17:28"	292.5	0	0.806	0.016	307	0.315	1.92	25.77	6	1.42	1	2.84	21.00	25.77	20.06	400.60	399.48	13.845	14.218	54.89	56.37	500.3	2000	0	98.98	-5.13	0.0822	0.0252	0.000832	0.0228	0.00184	0.7	-0.22	2.74	1.00	0.00	0.16	111115
6	"13:18:11"	336.0	0	1.59	0.0206	265	0.399	1.89	25.63	6	1.42	1	2.84	20.97	25.63	20.06	401.70	399.60	13.827	14.298	54.93	56.80	500.4	2000	0	98.98	-5.13	0.0822	0.0252	0.000832	0.0228	0.00184	1.0	-0.22	2.74	1.00	0.00	0.16	111115
7	"13:18:12"	337.0	0	1.62	0.0207	263	0.4	1.88	25.63	6	1.42	1	2.84	20.97	25.63	20.06	401.73	399.59	13.827	14.300	54.93	56.80	500.4	2000	0	98.98	-5.13	0.0822	0.0252	0.000832	0.0228	0.00184	1.0	-0.22	2.74	1.00	0.00	0.16	111115
8	"13:18:13"	338.0	0	1.73	0.0209	255	0.404	1.88	25.62	6	1.42	1	2.84	20.97	25.62	20.06	401.84	399.56	13.825	14.302	54.92	56.81	500.4	2000	0	98.98	-5.13	0.0822	0.0252	0.000832	0.0228	0.00184	1.0	-0.22	2.74	1.00	0.00	0.16	111115
9	"13:18:14"	338.5	0	1.75	0.021	255	0.406	1.88	25.62	6	1.42	1	2.84	20.97	25.62	20.06	401.88	399.58	13.824	14.304	54.91	56.82	500.4	2000	0	98.98	-5.13	0.0822	0.0252	0.000832	0.0228	0.00184	1.0	-0.22	2.74	1.00	0.00	0.16	111115
10	"13:18:15"	339.5	0	1.83	0.0212	250	0.41	1.88	25.61	6	1.42	1	2.84	20.97	25.61	20.06	401.97	399.57	13.824	14.308	54.91	56.83	500.4	2000	0	98.98	-5.13	0.0822	0.0252	0.000832	0.0228	0.00184	1.0	-0.22	2.74	1.00	0.00	0.16	111115
11	"13:19:10"	394.5	0	2.56	0.0285	244	0.543	1.86	25.60	6	1.42	1	2.84	20.98	25.60	20.06	403.02	399.69	13.820	14.462	54.87	57.41	500.4	2000	0	98.98	-5.13	0.0822	0.0252	0.000832	0.0228	0.00184	1.0	-0.22	2.74	1.00	0.00	0.16	111115
12	"13:19:12"	396.5	0	2.68	0.0289	240	0.549	1.86	25.57	6	1.42	1	2.84	20.98	25.57	20.06	403.14	399.67	13.820	14.469	54.87	57.44	500.2	2000	0	98.98	-5.13	0.0822	0.0252	0.000832	0.0228	0.00184	1.0	-0.22	2.74	1.00	0.00	0.16	111115
13	"13:19:14"	398.0	0	2.68	0.0291	241	0.554	1.86	25.58	6	1.42	1	2.84	20.98	25.58	20.06	403.12	399.64	13.820	14.474	54.86	57.46	500.1	2000	0	98.98	-5.13	0.0822	0.0252	0.000832	0.0228	0.00184	1.0	-0.22	2.74	1.00	0.00	0.16	111115
14	"13:19:15"	399.5	0	2.73	0.0294	240	0.559	1.86	25.57	6	1.42	1	2.84	20.98	25.57	20.06	403.13	399.59	13.819	14.480	54.86	57.49	500.1	2000	0	98.98	-5.13	0.0822	0.0252	0.000832	0.0228	0.00184	0.7	-0.22	2.74	1.00	0.00	0.16	111115
15	"13:19:17"	401.0	0	2.76	0.0296	239	0.564	1.86	25.59	6	1.42	1	2.84	20.98	25.59	20.06	403.15	399.56	13.818	14.485	54.86	57.51	500.3	2000	0	98.98	-5.13	0.0822	0.0252	0.000832	0.0228	0.00184	0.3	-0.22	2.74	1.00	0.00	0.16	111115
16	"13:20:36"	481.0	0	3.85	0.0426	244	0.787	1.81	25.48	6	1.42	1	2.84	20.97	25.48	20.06	405.01	400.01	13.798	14.728	54.81	58.51	500.3	2000	0	98.98	-5.13	0.0822	0.0252	0.000832	0.0228	0.00184	0.7	-0.22	2.74	1.00	0.00	0.16	111115
17	"13:20:37"	482.0	0	3.89	0.0428	243	0.792	1.81	25.48	6	1.42	1	2.84	20.97	25.48	20.06	405.05	400.00	13.795	14.731	54.80	58.52	500.4	2000	0	98.98	-5.13	0.0822	0.0252	0.000832	0.0228	0.00184	0.7	-0.22	2.74	1.00	0.00	0.16	111115
18	"13:20:38"	483.0	0	3.95	0.0431	242	0.797	1.81	25.48	6	1.42	1	2.84	20.97	25.48	20.06	405.09	399.98	13.792	14.734	54.79	58.53	500.4	2000	0	98.98	-5.13	0.0822	0.0252	0.000832	0.0228	0.00184	0.7	-0.22	2.74	1.00	0.00	0.16	111115
19	"13:20:39"	483.5	0	3.97	0.0432	242	0.799	1.81	25.48	6	1.42	1	2.84	20.97	25.48	20.06	405.12	399.98	13.793	14.736	54.79	58.54	500.4	2000	0	98.98	-5.13	0.0822	0.0252	0.000832	0.0228	0.00184	1.0	-0.22	2.74	1.00	0.00	0.16	111115
20	"13:20:40"	484.5	0	3.98	0.0436	243	0.806	1.81	25.47	6	1.42	1	2.84	20.97	25.47	20.06	405.13	399.97	13.789	14.741	54.78	58.56	500.5	2000	0	98.98	-5.13	0.0822	0.0252	0.000832	0.0228	0.00184	1.0	-0.22	2.74	1.00	0.00	0.16	111115
